000000
000005
000010
000011
000015
000028
000035
000040
000043
000048
000049
000054
000058
000063
000065
000070
000073
000074
000076
000085
000087
000100
000103
000109
000114
000118
000127
000130
000134
000142
000144
000145
000146
000147
000149
000151
000153
000154
000156
000167
000177
000179
000186
000187
000189
000190
000193
000194
000195
000199
000200
000201
000206
000207
000208
000209
000221
000228
000251
000263
000264
000265
000266
000273
000274
000275
000277
000286
000287
000288
000290
000292
000294
000298
000303
000311
000312
000316
000317
000324
000327
000329
000330
000332
000336
000337
000339
000341
000342
000348
000364
000365
000366
000368
000371
000380
000381
000383
000384
000394
000397
000398
000401
000407
000412
000422
000423
000428
000436
000442
000445
000448
000460
000462
000464
000465
000469
000471
000472
000477
000484
000486
000487
000490
000496
000498
000502
000505
000509
000518
000520
000522
000530
000532
000535
000553
000559
000564
000567
000571
000595
000596
000598
000599
000604
000608
000613
000622
000625
000632
000633
000638
000644
000646
000663
000671
000674
000675
000679
000685
000695
000701
000703
000705
000712
000713
000718
000720
000721
000722
000726
000727
000731
000734
000742
000744
000746
000755
000760
000763
000764
000769
000770
000780
000782
000784
000788
000789
000797
000801
000804
000806
000808
000809
000811
000816
000825
000826
000827
000830
000840
000841
000846
000855
000861
000862
000868
000870
000874
000883
000889
000892
000902
000910
000911
000923
000925
000928
000931
000936
000937
000947
000957
000959
000961
000964
000966
000971
000982
000987
000992
000998
000999
001003
001008
001015
001021
001026
001029
001031
001033
001036
001037
001046
001049
001050
001057
001061
001062
001068
001069
001070
001088
001091
001100
001101
001106
001113
001114
001124
001132
001148
001149
001160
001161
001167
001169
001171
001174
001180
001184
001188
001189
001191
001193
001196
001198
001205
001207
001208
001211
001220
001221
001225
001228
001233
001238
001249
001252
001256
001262
001263
001267
001272
001279
001286
001295
001300
001307
001311
001314
001319
001322
001323
001330
001334
001340
001348
001354
001355
001357
001358
001360
001366
001368
001370
001371
001374
001378
001384
001394
001396
001397
001404
001405
001406
001407
001409
001419
001421
001422
001423
001424
001426
001428
001431
001433
001438
001441
001444
001449
001454
001464
001467
001468
001477
001487
001488
001496
001504
001509
001519
001523
001525
001529
001531
001540
001543
001544
001547
001548
001549
001558
001568
001570
001571
001572
001574
001589
001592
001605
001608
001609
001611
001618
001622
001624
001629
001632
001636
001640
001644
001648
001654
001655
001661
001662
001665
001667
001672
001674
001676
001682
001689
001692
001693
001696
001700
001702
001706
001712
001713
001714
001716
001725
001738
001748
001750
001758
001760
001763
001766
001770
001776
001777
001779
001782
001785
001786
001790
001792
001795
001804
001817
001819
001822
001827
001830
001835
001846
001848
001849
001853
001864
001870
001873
001874
001879
001895
001902
001908
001910
001911
001912
001915
001916
001923
001931
001940
001958
001964
001970
001971
001972
001979
001981
001982
001984
001987
001988
001994
001998
002003
002005
002007
002015
002023
002024
002030
002035
002042
002045
002048
002058
002059
002063
002065
002071
002073
002075
002076
002080
002084
002091
002094
002095
002096
002101
002108
002110
002114
002117
002124
002128
002133
002144
002147
002149
002156
002157
002159
002160
002161
002164
002171
002175
002176
002178
002180
002181
002189
002194
002206
002226
002243
002247
002249
002266
002267
002271
002279
002282
002283
002285
002287
002289
002294
002299
002301
002307
002309
002310
002315
002317
002322
002324
002327
002334
002339
002342
002345
002348
002351
002360
002362
002369
002375
002379
002384
002386
002393
002402
002403
002405
002408
002410
002420
002424
002435
002440
002456
002457
002460
002465
002471
002476
002477
002478
002480
002485
002487
002493
002496
002501
002502
002505
002507
002508
002510
002517
002524
002526
002529
002531
002536
002537
002541
002546
002548
002551
002554
002557
002560
002564
002565
002568
002569
002571
002583
002595
002598
002601
002605
002609
002613
002616
002617
002618
002626
002634
002636
002640
002643
002648
002649
002651
002663
002666
002671
002680
002681
002689
002690
002691
002692
002693
002694
002696
002699
002703
002707
002709
002713
002715
002716
002718
002721
002723
002725
002728
002731
002734
002735
002737
002739
002742
002762
002763
002767
002769
002772
002774
002775
002780
002781
002787
002792
002799
002800
002811
002822
002837
002839
002851
002857
002860
002863
002864
002868
002870
002875
002881
002885
002888
002889
002892
002893
002897
002898
002904
002906
002914
002915
002917
002918
002920
002927
002933
002937
002939
002943
002944
002952
002953
002954
002956
002962
002966
002973
002979
002986
002994
002999
003002
003008
003009
003011
003013
003018
003020
003024
003028
003032
003042
003047
003050
003054
003057
003059
003065
003074
003078
003082
003084
003085
003095
003099
003102
003106
003109
003114
003118
003120
003121
003122
003124
003130
003133
003134
003140
003141
003146
003147
003149
003155
003159
003162
003163
003164
003166
003171
003172
003177
003178
003182
003185
003193
003195
003199
003202
003206
003207
003221
003229
003232
003233
003235
003237
003238
003247
003249
003250
003256
003257
003260
003264
003267
003269
003277
003282
003286
003289
003294
003295
003298
003302
003306
003307
003309
003311
003315
003321
003323
003324
003329
003330
003331
003333
003336
003339
003349
003356
003359
003367
003369
003373
003377
003379
003380
003387
003390
003391
003393
003398
003402
003417
003421
003426
003435
003437
003438
003442
003454
003455
003459
003464
003465
003466
003472
003476
003480
003481
003487
003489
003490
003491
003492
003494
003498
003502
003511
003514
003518
003526
003540
003544
003550
003552
003554
003555
003556
003560
003571
003576
003586
003587
003589
003591
003602
003603
003608
003617
003628
003632
003634
003641
003642
003644
003646
003649
003663
003664
003667
003668
003670
003675
003683
003687
003688
003694
003696
003700
003703
003706
003709
003718
003722
003723
003725
003728