000000
000010
000011
000011
000011
000011
000043
000043
000043
000043
000049
000049
000054
000070
000073
000073
000073
000073
000073
000074
000074
000074
000085
000087
000100
000103
000109
000114
000127
000130
000142
000142
000142
000144
000144
000144
000144
000145
000145
000145
000145
000145
000145
000145
000145
000145
000146
000149
000154
000177
000177
000179
000189
000189
000189
000189
000193
000200
000206
000206
000208
000209
000221
000228
000264
000274
000275
000275
000275
000277
000277
000277
000277
000277
000277
000286
000287
000287
000288
000292
000294
000298
000303
000303
000303
000303
000316
000317
000317
000317
000317
000317
000317
000330
000337
000339
000342
000342
000342
000342
000348
000364
000364
000368
000371
000380
000380
000384
000384
000384
000384
000384
000384
000384
000384
000384
000384
000384
000384
000412
000412
000412
000412
000423
000442
000445
000460
000460
000462
000462
000462
000462
000464
000464
000464
000465
000484
000487
000487
000487
000490
000502
000502
000502
000505
000518
000518
000518
000518
000520
000522
000522
000522
000522
000532
000535
000535
000535
000535
000535
000535
000535
000535
000535
000535
000535
000535
000553
000596
000596
000596
000596
000596
000596
000598
000599
000608
000608
000608
000622
000632
000633
000638
000638
000638
000638
000646
000663
000663
000671
000675
000675
000675
000675
000675
000685
000695
000701
000703
000705
000713
000720
000720
000720
000726
000742
000744
000755
000760
000763
000764
000764
000764
000764
000764
000764
000764
000764
000764
000764
000764
000764
000770
000770
000770
000770
000770
000770
000770
000780
000780
000780
000784
000788
000788
000788
000789
000797
000808
000808
000825
000827
000846
000855
000861
000861
000861
000861
000861
000861
000868
000870
000870
000883
000892
000892
000892
000892
000892
000902
000910
000925
000925
000936
000937
000937
000937
000937
000937
000937
000947
000947
000957
000959
000982
000987
000992
000992
000992
000998
001003
001029
001031
001033
001036
001049
001049
001049
001049
001049
001049
001049
001049
001049
001049
001057
001061
001062
001091
001100
001124
001160
001161
001169
001169
001169
001169
001169
001169
001169
001171
001174
001184
001196
001196
001196
001205
001208
001211
001211
001211
001220
001220
001220
001220
001220
001220
001220
001220
001220
001233
001238
001238
001238
001256
001262
001262
001279
001300
001311
001319
001322
001322
001322
001323
001340
001340
001340
001348
001354
001354
001354
001354
001354
001357
001357
001357
001357
001357
001358
001358
001360
001360
001360
001366
001366
001366
001366
001366
001366
001368
001370
001370
001371
001378
001394
001396
001396
001404
001404
001404
001405
001405
001405
001406
001409
001409
001409
001422
001422
001422
001422
001422
001422
001422
001422
001423
001426
001426
001426
001428
001428
001428
001428
001428
001433
001433
001444
001449
001454
001454
001454
001454
001454
001454
001464
001464
001467
001467
001467
001467
001467
001467
001468
001468
001496
001496
001496
001496
001496
001504
001504
001504
001509
001519
001523
001529
001529
001529
001529
001529
001529
001529
001529
001529
001531
001540
001543
001543
001543
001544
001548
001558
001558
001558
001568
001570
001570
001571
001572
001572
001572
001572
001572
001608
001608
001609
001611
001611
001611
001611
001611
001611
001611
001611
001611
001611
001611
001618
001622
001622
001624
001624
001624
001624
001624
001632
001636
001644
001644
001648
001648
001648
001648
001648
001648
001648
001648
001655
001661
001661
001661
001672
001672
001672
001672
001672
001672
001672
001672
001672
001672
001672
001674
001676
001692
001692
001692
001692
001692
001692
001692
001696
001700
001700
001716
001716
001716
001716
001716
001716
001716
001716
001716
001716
001716
001716
001716
001725
001725
001725
001725
001725
001725
001725
001738
001748
001760
001763
001763
001766
001770
001777
001779
001785
001785
001785
001785
001785
001785
001785
001785
001785
001790
001790
001792
001819
001827
001830
001849
001864
001870
001870
001870
001870
001873
001873
001874
001879
001879
001895
001902
001908
001910
001910
001910
001910
001910
001911
001911
001912
001912
001915
001915
001916
001958
001958
001958
001958
001964
001964
001964
001970
001971
001971
001971
001981
001981
001981
001988
001988
001988
001988
001988
001994
001998
001998
001998
001998
002003
002005
002005
002007
002007
002007
002007
002007
002015
002015
002015
002015
002015
002023
002024
002030
002059
002063
002063
002063
002063
002063
002063
002065
002065
002080
002084
002095
002095
002095
002095
002095
002095
002095
002096
002114
002117
002133
002133
002133
002144
002147
002149
002149
002149
002149
002156
002156
002156
002156
002156
002156
002156
002156
002156
002157
002164
002171
002171
002171
002171
002171
002171
002171
002171
002171
002175
002175
002175
002175
002175
002175
002175
002175
002175
002175
002175
002175
002176
002178
002180
002180
002180
002181
002189
002189
002189
002189
002189
002194
002226
002247
002249
002267
002271
002285
002285
002289
002289
002289
002289
002289
002301
002309
002317
002322
002324
002339
002339
002339
002342
002351
002351
002360
002375
002379
002379
002379
002379
002402
002402
002403
002408
002410
002410
002410
002410
002435
002456
002465
002465
002465
002471
002471
002471
002480
002485
002487
002487
002487
002487
002487
002487
002487
002487
002487
002487
002487
002487
002487
002493
002496
002496
002496
002496
002496
002501
002501
002507
002508
002508
002510
002517
002524
002524
002536
002536
002536
002536
002537
002551
002554
002560
002571
002595
002595
002595
002595
002605
002605
002605
002609
002609
002609
002609
002609
002616
002616
002616
002616
002616
002617
002618
002634
002634
002643
002648
002649
002671
002689
002691
002703
002716
002718
002723
002731
002734
002739
002762
002762
002762
002762
002769
002774
002774
002774
002780
002780
002780
002780
002780
002780
002780
002781
002792
002799
002822
002822
002822
002837
002837
002851
002851
002851
002857
002860
002860
002864
002864
002864
002868
002870
002870
002870
002870
002870
002888
002897
002897
002898
002904
002904
002904
002904
002904
002904
002904
002906
002915
002915
002915
002918
002918
002920
002920
002920
002920
002920
002920
002920
002927
002939
002943
002943
002943
002952
002954
002954
002956
002973
002986
003002
003002
003002
003002
003002
003002
003002
003008
003009
003009
003009
003009
003009
003009
003009
003013
003018
003018
003018
003018
003018
003018
003020
003020
003020
003028
003028
003057
003059
003078
003078
003084
003084
003085
003095
003120
003121
003122
003130
003140
003147
003149
003149
003155
003163
003164
003166
003171
003171
003178
003185
003193
003235
003235
003235
003237
003238
003238
003238
003238
003249
003249
003249
003249
003249
003249
003249
003256
003256
003260
003264
003267
003267
003277
003282
003289
003289
003294
003294
003294
003294
003307
003309
003309
003311
003321
003329
003329
003333
003336
003339
003349
003356
003356
003359
003359
003359
003369
003369
003369
003369
003377
003377
003377
003377
003377
003380
003380
003380
003380
003387
003387
003390
003390
003391
003398
003398
003398
003398
003398
003398
003398
003398
003398
003398
003398
003437
003437
003437
003437
003437
003437
003437
003438
003438
003438
003438
003442
003442
003454
003454
003454
003454
003454
003454
003455
003455
003455
003455
003455
003455
003459
003472
003472
003472
003472
003472
003472
003472
003472
003472
003472
003472
003472
003476
003494
003498
003514
003518
003518
003518
003526
003526
003526
003526
003526
003526
003540
003540
003540
003555
003555
003560
003560
003560
003560
003560
003560
003576
003586
003586
003587
003589
003589
003589
003589
003589
003591
003603
003617
003628
003628
003641
003642
003642
003644
003644
003646
003670
003675
003687
003687
003687
003687
003694
003696
003700
003709
003709
003709
003709
003709
003709
003722
003725
003740
003740
003740
003740
003740
003744
003758
003758
003759
003759
003759
003759
003759
003765
003765
003765
003765
003765
003766
003766
003766
003766
003766
003766
003766
003766
003766
003770
003774
003784
003784
003784
003784
003786
003790
003797
003801
003819
003823
003838
003849
003858
003876
003876
003876
003876
003887
003912
003921
003921
003922
003927
003947
003954
003955
003955
003963
003967
003971
003971
003971
003971
003971
003971
003971
003974
003979
003989
003993
003995
003995
003995
003997
003997
004012
004014
004014
004022
004024
004024
004035
004039
004039
004039
004039
004039
004053
004073
004086
004088
004090
004093
004094
004094
004094
004103
004127
004127
004139
004139
004139
004139
004139
004139
004139
004139
004139
004139
004139
004139
004139
004139
004139
004139
004147
004165
004170
004170
004170
004170
004170
004170
004170
004170
004170
004170
004170
004170
004177
004177
004179
004186
004186
004186
004186
004192
004194
004194
004194
004219
004229
004229
004229
004229
004229
004229
004229
004235
004235
004235
004235
004235
004235
004240
004247
004252
004261
004261
004261
004261
004261
004261
004261
004265
004265
004265
004265
004268
004268
004268
004268
004268
004268
004268
004268
004268
004273
004283
004283
004283
004283
004283
004283
004283
004283
004308
004328
004346
004346
004361
004378
004379
004379
004379
004389
004389
004389
004389
004400
004400
004410
004410
004410
004410
004410
004410
004410
004411
004417
004417
004417
004417
004417
004417
004417
004417
004417
004428
004431
004436
004442
004442
004442
004449
004488
004488
004488
004499
004503
004503
004509
004512
004512
004514
004524
004536
004536
004536
004536
004536
004536
004536
004543
004546
004561
004564
004580
004583
004583
004583
004583
004583
004583
004583
004584
004584
004594
004595
004597
004602
004602
004602
004602
004602
004604
004605
004619
004619
004619
004619
004627
004627
004637
004639
004646
004674
004696
004704
004704
004704
004704
004704
004704
004704
004704
004704
004704
004704
004704
004712
004712
004723
004729
004729
004731
004733
004747
004747
004747
004747
004747
004747
004747
004747
004747
004747
004747
004747
004747
004757
004757
004757
004772
004780
004786
004786
004786
004786
004786
004786
004786
004793
004796
004818
004827
004827
004827
004836
004836
004836
004836
004844
004854
004855
004857
004866
004869
004872
004897
004897
004897
004901
004912
004915
004923
004940
004945
004950
004950
004950
004950
004950
004950
004955
004955
004955
004955
004955
004964
004965
004967
004968
004968
004968
004968
004972
004972
004973
004977
005005
005007
005011
005027
005027
005027
005027
005027
005027
005027
005027
005027
005027
005027
005027
005030
005031
005031
005031
005031
005031
005031
005031
005043
005044
005059
005059
005059
005059
005059
005059
005059
005059
005059
005061
005061
005061
005085
005085
005098
005102
005104
005106
005106
005106
005106
005106
005107
005114
005114
005114
005114
005115
005115
005116
005116
005119
005131
005131
005131
005131
005131
005131
005131
005131
005137
005142
005165
005165
005165
005165
005171
005196
005203
005207
005208
005231
005235
005239
005239
005239
005245
005245
005245
005248
005248
005248
005248
005258
005258
005258
005258
005259
005259
005263
005270
005278
005278
005278
005281
005281
005281
005286
005286
005294
005294
005294
005294
005301
005314
005317
005324
005348
005353
005356
005356
005356
005358
005370
005380
005380
005383
005403
005408
005408
005408
005408
005408
005408
005408
005408
005408
005418
005418
005418
005418
005418
005418
005418
005419
005419
005433
005433
005433
005433
005433
005433
005433
005433
005436
005439
005496
005504
005518
005519
005524
005524
005524
005524
005526
005553
005567
005568
005568
005568
005568
005568
005568
005568
005568
005568
005568
005568
005568
005579
005598
005598
005604
005604
005604
005604
005604
005608
005608
005608
005608
005608
005608
005608
005608
005622
005622
005637
005647
005654
005661
005663
005663
005663
005663
005663
005663
005663
005663
005663
005663
005663
005663
005663
005665
005665
005665
005665
005665
005665
005665
005666
005666
005666
005670
005670
005670
005670
005671
005682
005686
005688
005688
005688
005688
005690
005692
005692
005692
005692
005692
005692
005696
005696
005696
005696
005696
005711
005718
005718
005718
005733
005771
005771
005773
005779
005791
005804
005808
005813
005813
005813
005813
005817
005824
005824
005824
005824
005825
005825
005825
005825
005825
005835
005836
005836
005837
005837
005837
005837
005837
005838
005838
005838
005846
005846
005853
005866
005866
005880
005880
005880
005888
005890
005891
005891
005891
005891
005902
005902
005915
005920
005920
005924
005934
005937
005945
005945
005950
005954
005959
005980
005980
005980
006006
006006
006006
006006
006006
006006
006006
006011
006011
006035
006051
006051
006053
006065
006065
006076
006082
006082
006082
006082
006089
006094
006158
006159
006164
006166
006174
006174
006184
006189
006189
006189
006201
006211
006221
006221
006221
006224
006226
006236
006256
006256
006262
006268
006268
006268
006268
006268
006268
006268
006277
006284
006284
006284
006284
006284
006284
006284
006292
006293
006294
006298
006299
006303
006303
006308
006313
006328
006337
006341
006341
006341
006341
006361
006362
006362
006362
006382
006390
006400
006400
006400
006400
006400
006400
006412
006412
006412
006412
006422
006422
006422
006422
006422
006422
006422
006422
006422
006422
006422
006422
006422
006422
006431
006431
006431
006458
006467
006467
006467
006471
006476
006480
006502
006511
006511
006511
006511
006522
006522
006528
006528
006528
006536
006539
006539
006539
006539
006546
006552
006552
006552
006552
006564
006572
006573
006575
006579
006585
006589
006589
006600
006605
006605
006605
006605
006605
006608
006608
006608
006608
006608
006617
006617
006627
006627
006627
006627
006639
006642
006645
006645
006645
006652
006653
006657
006661
006700
006704
006704
006704
006704
006704
006722
006728
006728
006749
006749
006749
006749
006749
006749
006749
006749
006766
006779
006795
006799
006801
006801
006801
006801
006801
006801
006801
006801
006801
006801
006801
006801
006809
006810
006825
006825
006825
006827
006830
006835
006835
006835
006842
006861
006878
006878
006878
006878
006892
006894
006894
006894
006894
006894
006894
006894
006894
006894
006904
006911
006916
006926
006926
006929
006932
006935
006935
006935
006941
006951
006952
006957
006957
006957
006957
006969
006969
006969
006985
007004
007004
007017
007018
007018
007018
007018
007036
007046
007070
007070
007073
007075
007077
007092
007092
007094
007094
007094
007094
007094
007094
007094
007094
007099
007118
007118
007121
007123
007126
007129
007129
007129
007129
007129
007150
007159
007159
007179
007179
007179
007179
007185
007188
007189
007189
007189
007189
007189
007192
007192
007192
007203
007203
007223
007231
007237
007254
007254
007254
007269
007286
007286
007286
007286
007301
007308
007320
007321
007321
007333
007333
007333
007333
007333
007333
007333
007338
007355
007362
007368
007368
007372
007387
007393
007406
007406
007406
007406
007408
007414
007427
007431
007446
007451
007451
007451
007452
007452