000007
000009
000026
000027
000033
000057
000062
000069
000080
000081
000082
000087
000093
000095
000098
000105
000110
000111
000127
000131
000132
000159
000170
000180
000197
000225
000235
000241
000253
000254
000260
000273
000276
000285
000289
000295
000297
000299
000304
000325
000328
000329
000350
000352
000363
000369
000370
000374
000379
000387
000388
000394
000396
000399
000409
000410
000411
000415
000416
000418
000419
000427
000432
000437
000447
000451
000483
000490
000500
000501
000513
000516
000523
000537
000538
000547
000550
000551
000555
000563
000568
000570
000587
000591
000594
000610
000613
000622
000629
000632
000635
000636
000637
000641
000643
000647
000652
000657
000658
000667
000677
000683
000684
000688
000692
000700
000710
000713
000715
000723
000736
000750
000753
000771
000775
000787
000800
000814
000830
000842
000843
000846
000853
000854
000859
000868
000869
000871
000873
000877
000879
000886
000902
000908
000919
000924
000932
000934
000935
000956
000972
000975
000977
000981
000982
000985
000986
000994
000998
001010
001011
001028
001042
001050
001063
001065
001077
001082
001092
001138
001140
001141
001148
001152
001154
001162
001170
001173
001184
001186
001188
001194
001209
001227
001231
001245
001251
001257
001263
001264
001269
001276
001278
001281
001286
001289
001298
001301
001306
001310
001312
001322
001346
001349
001350
001351
001353
001356
001372
001378
001383
001387
001398
001401
001402
001407
001412
001416
001418
001420
001424
001433
001439
001442
001447
001450
001457
001461
001463
001472
001479
001480
001482
001484
001490
001499
001507
001512
001515
001528
001537
001546
001561
001564
001569
001577
001595
001607
001610
001612
001613
001623
001651
001671
001681
001690
001704
001706
001708
001712
001717
001718
001723
001730
001739
001743
001752
001761
001763
001766
001767
001770
001774
001799
001801
001812
001828
001850
001854
001855
001858
001868
001872
001874
001875
001881
001891
001892
001895
001896
001909
001930
001933
001934
001940
001943
001949
001950
001954
001956
001975
001978
001987
001990
002002
002010
002032
002035
002044
002066
002069
002070
002082
002096
002099
002107
002118
002125
002152
002153
002155
002166
002168
002170
002174
002177
002204
002205
002209
002210
002212
002220
002222
002224
002228
002229
002233
002235
002238
002241
002254
002260
002278
002280
002291
002293
002298
002311
002319
002322
002325
002333
002345
002347
002349
002370
002374
002384
002388
002391
002414
002417
002420
002422
002432
002433
002436
002441
002452
002454
002458
002461
002469
002470
002498
002499
002527
002535
002547
002577
002581
002588
002590
002600
002604
002622
002627
002628
002632
002635
002648
002653
002655
002659
002677
002678
002683
002684
002688
002702
002706
002714
002717
002722
002723
002726
002736
002744
002754
002758
002761
002764
002766
002768
002771
002794
002802
002804
002823
002825
002832
002836
002840
002841
002843
002850
002874
002877
002907
002909
002922
002923
002926
002938
002946
002962
002970
002973
002978
002985
002987
002989
002990
002993
002998
003007
003017
003031
003037
003039
003040
003045
003051
003057
003060
003066
003073
003088
003091
003101
003104
003108
003112
003132
003137
003138
003148
003169
003170
003188
003192
003195
003196
003197
003206
003216
003245
003260
003272
003283
003286
003314
003322
003335
003336
003340
003341
003344
003361
003372
003375
003383
003385
003391
003394
003419
003422
003425
003427
003442
003446
003490
003493
003498
003499
003500
003507
003508
003519
003528
003531
003532
003535
003536
003544
003551
003554
003556
003561
003562
003569
003574
003583
003585
003598
003599
003601
003612
003614
003620
003622
003628
003629
003641
003647
003652
003653
003655
003657
003660
003661
003664
003680
003691
003695
003701
003702
003713
003720
003721
003722
003729
003733