000027
000057
000081
000093
000095
000110
000111
000127
000132
000170
000276
000285
000295
000304
000325
000363
000379
000394
000410
000415
000419
000447
000451
000500
000501
000513
000523
000538
000551
000568
000591
000622
000636
000667
000750
000800
000814
000830
000842
000846
000868
000879
000908
000919
000932
000935
000956
000977
000986
001092
001138
001148
001152
001173
001194
001209
001227
001251
001257
001264
001281
001286
001301
001306
001310
001322
001372
001387
001401
001402
001412
001418
001450
001457
001480
001482
001484
001499
001512
001564
001607
001610
001681
001690
001704
001708
001712
001723
001730
001743
001767
001799
001855
001872
001875
001891
001892
001934
001950
001987
002010
002032
002069
002118
002125
002155
002174
002204
002205
002212
002222
002224
002228
002238
002254
002291
002293
002298
002311
002319
002322
002333
002347
002370
002388
002433
002441
002452
002458
002461
002499
002527
002547
002581
002600
002622
002627
002632
002653
002706
002717
002723
002736
002758
002761
002764
002794
002802
002804
002823
002832
002874
002987
002989
002990
003017
003031
003037
003045
003060
003088
003108
003112
003132
003137
003196
003206
003216
003260
003272
003314
003322
003341
003344
003385
003391
003422
003425
003427
003446
003500
003536
003551
003556
003598
003612
003614
003620
003653
003655
003657
003660
003661
003680
003695
003702